0000000000000000
0100000022200000
0000030000003000
0000400003003000
0000000220000000
0000000003003000
0001000300000000
0111000000000000
0000100002222000
0000000000000000
0000100100000000
0444000000000030
0000000000000000
0000000000000000

0000000000000000
0100000011100000
0000030000004000
0000100003001000
0000000110000000
0000000002001000
0001000400000000
0111000000000000
0000100001111000
0000000000000000
0000100100000000
0111000000000010
0000000000000000
0000000000000000

0000000000000000
0100000000000000
0000000000000000
0000000000000000
0000000000000000
0000000000000000
0001100000000000
0111000000000000
0000000000000000
0000000000000000
0000100000000000
0000000000000000
0000000000000000
0000000100000000
0