0001001000010300
0100100010000003
0000000000000000
0000000000000001
0004444444200000
0004010000200000
0004001000200000
0004000004000001
0004444444000000
0222000000000000
0212000000000000
0212000001003000
0222001444444001
0000000000000000

0001001000010300
0100100010000001
0000000000000000
0000000000000000
0001222222100001
0001010000100000
0001001000100000
0001000001000000
0001222221000001
0121000000000000
0111000000000000
0111000001002000
0121001222222001
0000000000000000

0000000000000000
0000000000000000
0000000000000000
0000000000000000
0000000000000000
0000111110000000
0000111110000000
0000111110000000
0000000000000000
0000000000000000
0000000000000000
0000000000000000
0000000000000000
0000000000000000
0