0000000400000000
4444400400000000
4303400400011000
4030400400011000
4000400400000000
0404000400000000
0000000400000000
0000040000000000
0000000400000000
0000000400000000
0000000400012000
0100003400011000
0000000400000000
0010300400000000

0000000100000000
2222200100000000
1201100100011000
1020100100011000
1000100100000000
0101000100000000
0000000100000000
0000010000000000
0000000100000000
0000000100000000
0000000100012000
0100001100011000
0000000100000000
0010100100000000

0000000000000000
0000000000000000
0010000000000000
0101000000000000
0000000000000000
0000000000000000
0000000000000000
0000000000000000
0000000000000000
0000000000000000
0000000000000000
0000000000000000
0000000000000000
0000000000000000
0