2000000000000002
0200004444440020
0020040000004020
0002004400440020
0012000033000021
0132004444440020
1012040000004020
0132040000004021
0012004322440020
0132000030000020
0002044444444021
3020000004000020
0200044444444023
2000000000000002

1000000000000001
0100002222220010
0010010000001010
0001002200220010
0011000043000011
0141002222220010
1011010000001010
0111010000001011
0011002222220010
0131000030000010
0001022222222011
3010000001000010
0100022222222014
1000000000000001

0000000000000000
0000000000000000
0000000000000000
0000000011000000
0000000000000000
0000000000000000
0000000000000000
0000001000000000
0000000000000000
0000000000000000
0000000000000000
0000011110111000
0000000000000000
0000000000000000
0