0000000000000000
0000000000000000
0000000000000000
0000000000210000
0000440000211000
0430000000000000
0414440000000000
0404000000000000
0000000000010440
0444240000042240
0430000000043040
0404040000040340
0444440010044440
0000000000000000

0000000000000000
0000000000000000
0000000000000000
0000000000110000
0000220000111000
0120000000000000
0111220000000000
0101000000000000
0000000000010210
0122220000012210
0140000000011010
0101010000010210
0122220010012210
0000000000000000

0000000000000000
0000000000000000
0000000000000000
0000000000000000
0010000000000000
0000000000000000
0000000000000000
0000000000000000
0000000000000000
0000000000000000
0001100000000000
0010100000001000
0000000000000000
0000000000000000
0