0000000000000000
0200000000000000
0020444444442220
0200440034040020
0020400404300020
0200000004040020
0020422204103420
0200444444444440
0040000004101320
0004000004410120
0000400004101020
0000040004410120
0000004004222220
0000000000000000

0000000000000000
0100000000000000
0010222221222210
0100110011010010
0010100101400010
0100000001010010
0010122201104110
0100122221222220
0020000001101120
0002000001210110
0000200001101010
0000020001210110
0000002001222210
0000000000000000

0000000000000000
0000000000000000
0000000000000000
0000001100100000
0000000010000000
0000000000100000
0000000000010000
0000000000000000
0000000000000000
0000000000000000
0000000000000000
0000000000000000
0000000000000000
0000000000000000
0