0010100100100300
3000000000000030
0000000000000002
0020040044002220
1040040400400400
0040400400400423
1044000400400400
0044000400400400
1040410200400402
0040040400400402
0040040044022402
0100000022023002
0000000044020030
0000000044020300

0010100100100300
3000000000000040
0000000000000001
0010010022002220
1010010100100100
0010100100100124
1011000100100100
0011000100100100
1010100100100101
0010010100100101
0010010022022101
0100000022011001
0000000022010010
0000000022010100

0000000000000000
0000000000000000
0000000000000000
0000000000000000
0000000000000000
0000000000000000
0000000000000000
0000000000000000
0000000000000000
0000000000000000
0000000000000000
0000000000000110
0000000000001101
0000000000001011
0