0001001001003000
3000000000000000
0000000000044044
0020040424040004
0040040404043004
0214040444040034
1111403020044444
2014040444440000
0043034000000000
0041014000002220
0000000000002110
0000022222002220
0000021212000000
0000022222000000

0001001001003000
4000000000000000
0000000000022022
0010010121010001
0010010101013001
0211010222010021
1111101010022222
2011010222220000
0014031000000000
0011011000001220
0000000000001110
0000012221001220
0000011111000000
0000012221000000

0000000000000000
0000000000000000
0000000000000000
0000000000001100
0000000000000100
0000001000001100
0000010100000000
0000101000000000
0000100000000000
0000000000000000
0000000000000000
0000000000000000
0000000000000000
0000000000000000
0